DEDUC

5 2
rep = 4
max = 5
 0 1 2 3 - lacks 4
 0 1 2 4 - lacks 3
 0 1 3 4 - lacks 2
 0 2 3 4 - lacks 1
 1 2 3 4 - lacks 0

#################
 0 1 2 3 4 5 6 7
 0 1 2 3 4 5 8 9
 0 1 2 3 6 7 8 9
 0 1 4 5 6 7 8 9
 2 3 4 5 6 7 8 9
#################

3 2
rep = 2
max = 3
 0 1 - lacks 2
 0 2 - lacks 1
 1 2 - lacks 0

5 3
rep = 3
max = 10
 0 1 2 3 4 5 - lacks 6 7 8 9
 0 1 2 6 7 8 - lacks 3 4 5 9
 0 3 4 6 7 9 - lacks 1 2 5 8
 1 3 5 6 8 9 - lacks 0 2 4 7
 2 4 5 7 8 9 - lacks 0 1 3 6



0 1 2 3 4 5
0 1 2 6 7 8
0 3 4 6 7 9
1 3 5 6 8 9
2 4 5 7 8 9


---------------- step 1
0 1 2 3 4 5 6 7 8 9
0 1 2 3 4 5 6 7 8 9
0 1 2 3 4 5 6 7 8 9
0 1 2 3 4 5 6 7 8 9
0 1 2 3 4 5 6 7 8 9

---------------- step 2
0 1 2 3 4 5 # 7 8 9		remove 6
0 1 2 # 4 5 6 7 8 9		remove 3
0 # 2 3 4 5 6 7 8 9		remove 1
# 1 2 3 4 5 6 7 8 9		remove 0
# 1 2 3 4 5 6 7 8 9		remove 0

---------------- step 3
0 1 2 3 4 5 # # 8 9		remove 7
0 1 2 # # 5 6 7 8 9		remove 4
0 # # 3 4 5 6 7 8 9		remove 2
# 1 # 3 4 5 6 7 8 9		remove 2
# # 2 3 4 5 6 7 8 9		remove 1

---------------- step 4
0 1 2 3 4 5 # # # 9		remove 8
0 1 2 # # # 6 7 8 9		remove 5
0 # # 3 4 # 6 7 8 9		remove 5
# 1 # 3 # 5 6 7 8 9		remove 4
# # 2 # 4 5 6 7 8 9		remove 3

---------------- step 5
0 1 2 3 4 5 # # # #		remove 9
0 1 2 # # # 6 7 8 #		remove 9
0 # # 3 4 # 6 7 # 9		remove 8
# 1 # 3 # 5 6 # 8 9		remove 7
# # 2 # 4 5 # 7 8 9		remove 6

/////////////////// UUUH22 //////////////////////////

---------------- step 1
0 1 2 3 4 5 6 7 8 9
0 1 2 3 4 5 6 7 8 9
0 1 2 3 4 5 6 7 8 9
0 1 2 3 4 5 6 7 8 9
0 1 2 3 4 5 6 7 8 9

---------------- step 2
0 1 2 3 4 5 6 7 8 #		remove 9
0 1 2 3 4 5 6 7 8 #		remove 9
0 1 2 3 4 5 6 7 # 9		remove 8
0 1 2 3 4 5 6 # 8 9		remove 7
0 1 2 3 4 5 # 7 8 9		remove 6

---------------- step 3
0 1 2 3 4 5 6 7 # #		remove 8
0 1 2 3 4 # 6 7 8 #		remove 5
0 1 2 3 4 # 6 7 # 9		remove 5
0 1 2 3 # 5 6 # 8 9		remove 4
0 1 2 # 4 5 # 7 8 9		remove 3

---------------- step 4
0 1 2 3 4 5 6 # # #		remove 7
0 1 2 3 # # 6 7 8 #		remove 4
0 1 # 3 4 # 6 7 # 9		remove 2
0 1 # 3 # 5 6 # 8 9		remove 2
0 # 2 # 4 5 # 7 8 9		remove 1

---------------- step 5
0 1 2 3 4 5 # # # #		remove 6
0 1 2 # # # 6 7 8 #		remove 3
0 # # 3 4 # 6 7 # 9		remove 1
# 1 # 3 # 5 6 # 8 9		remove 0
# # 2 # 4 5 # 7 8 9		remove 0

/////////////////// UUUH //////////////////////////

---------------- step 1
0 1 2 3 4 5 6 7 8 9
0 1 2 3 4 5 6 7 8 9
0 1 2 3 4 5 6 7 8 9
0 1 2 3 4 5 6 7 8 9
0 1 2 3 4 5 6 7 8 9

---------------- step 2
0 1 2 3 4 5 6 7 8		(first + 0) remove last + 0
0 1 2 3 4 5 6 7 8		(first + 1) remove last + 0
0 1 2 3 4 5 6 7 9		(first + 2) remove last + 1
0 1 2 3 4 5 6 8 9		(first + 3) remove last + 2
0 1 2 3 4 5 7 8 9		(first + 4) remove last + 3

---------------- step 3
0 1 2 3 4 5 6 7			(first + 0) remove last + 0
0 1 2 3 4 6 7 8			(first + 1) remove last + 3
0 1 2 3 4 6 7 9			(first + 2) remove last + 3
0 1 2 3 5 6 8 9			(first + 3) remove last + 4
0 1 2 4 5 7 8 9			(first + 4) remove last + 5

---------------- step 4
0 1 2 3 4 5 6			(first + 0) remove last + 0
0 1 2 3 6 7 8			(first + 1) remove last + 3
0 1 3 4 6 7 9			(first + 2) remove last + 5
0 1 3 5 6 8 9			(first + 3) remove last + 5
0 2 4 5 7 8 9			(first + 4) remove last + 6

---------------- step 5
0 1 2 3 4 5				(first + 0) remove last + 0
0 1 2 6 7 8				(first + 1) remove last + 3
0 3 4 6 7 9				(first + 2) remove last + 5
1 3 5 6 8 9				(first + 3) remove last + 6
2 4 5 7 8 9				(first + 4) remove last + 6



/////////////////// NO //////////////////////////


---------------- step 1
0 1 2 3 4 5 6 7 8 9
0 1 2 3 4 5 6 7 8 9
0 1 2 3 4 5 6 7 8 9
0 1 2 3 4 5 6 7 8 9
0 1 2 3 4 5 6 7 8 9

---------------- step 2
0 1 2 3 4 5 6 7 8	(first + 0) remove last + 0
0 1 2 3 4 5 6 7 9	(first + 1) remove last + 1
0 1 2 3 4 5 6 8 9	(first + 2) remove last + 2
0 1 2 3 4 5 7 8 9	(first + 3) remove last + 3
0 1 2 3 4 6 7 8 9	(first + 4) remove last + 4

---------------- step 3
0 1 2 3 4 5 6 7 8
0 1 2 3 4 5 6 7	(second + 0) remove last + 0
0 1 2 3 4 5 6 9	(second + 1) remove last + 1
0 1 2 3 4 5 8 9	(second + 2) remove last + 2
0 1 2 3 4 7 8 9	(second + 3) remove last + 3

---------------- step 4
0 1 2 3 4 5 6 7 8
0 1 2 3 4 5 6 7
0 1 2 3 4 5 6	(third + 0) remove last + 0
0 1 2 3 4 5 9	(third + 1) remove last + 1
0 1 2 3 4 8 9	(third + 2) remove last + 2

---------------- step 5
0 1 2 3 4 5 6 7 8
0 1 2 3 4 5 6 7
0 1 2 3 4 5 6
0 1 2 3 4 5		(fourth + 0) remove last + 0
0 1 2 3 4 9		(fourth + 1) remove last + 1

---------------- step 6
0 1 2 3 4 5 6 7 8
0 1 2 3 4 5 6 7
0 1 2 3 4 5 6
0 1 2 3 4 5		
0 1 2 3 4		(fifth + 0) remove last + 0


----------------------------------------------------------------------------------------------------


5 4
rep = 2
max = 15

00 01 02 03 04 05 06 07 08 09 10 11 12 13 14
00 01 02 03 04 05 06 07 08 09 10 11 12 13 14
00 01 02 03 04 05 06 07 08 09 10 11 12 13 14
00 01 02 03 04 05 06 07 08 09 10 11 12 13 14
00 01 02 03 04 05 06 07 08 09 10 11 12 13 14

00 01 02 03 04 05 ## ## ## ## ## ## ## ## ##
00 01 02 03 04 05 06 07 08 09 10 11 12 13 ##
## 01 02 03 04 05 06 07 08 09 10 11 12 13 ##
## 01 02 03 04 05 06 07 08 09 10 11 12 13 14
## 01 02 03 04 05 06 07 08 09 10 11 12 13 14

00 01 02 03 04 05 - lacks 6-14
00 01 02 09 10 11
03 04 05 11 12 13
06 07 08 09 10 14
06 07 08 12 13 14

0 1 2 #
0 1 # 3
0 # 2 3
# 1 2 3

0 1 2
0 1 3
0 2 3
1 2 3

O 1 2 # # #
O # # 3 4 #
# 1 # 3 # 5
# # 2 # 4 5

O 1 2
O 3 4
1 2 3
2 4 5

0 1 2 3 4 5 # # # #
0 1 2 # # # 6 7 8 #
0 # # 3 4 # 6 7 # 9
# 1 # 3 # 5 6 # 8 9
# # 2 # 4 5 # 7 8 9

0 1 2 3 4 5
0 1 2 6 7 8
0 3 4 6 7 9
1 3 5 6 8 9
2 4 5 7 8 9

0 1 2 3 4 5
------+3+3+3
0 1 2 6 7 8
--+2+2----+1
0 3 4 6 7 9
+1--+1--+1--
1 3 5 6 8 9
+1+1--+1----
2 4 5 7 8 9




-----------------------------
4 3
 O 1 2
 O 3 4
 1 2 5
 2 4 5

---------------- step 1
O 1 2 3 4 5
O 1 2 3 4 5
O 1 2 3 4 5
O 1 2 3 4 5

---------------- step 2
O 1 2 % 4 5		remove 3
O % 2 3 4 5		remove 1
% 1 2 3 4 5		remove O
% 1 2 3 4 5		remove O

---------------- step 3
O 1 2 # % 5		remove 4
O # % 3 4 5		remove 2
# 1 % 3 4 5		remove 2
# % 2 3 4 5		remove 1

---------------- step 4
O 1 2 # # %		remove 5
O # # 3 4 %		remove 5
# 1 # 3 % 5		remove 4
# # 2 % 4 5		remove 3

----------------------------------------------------------
row O
O 1 2 3 4 5 6 7 8 9
O 1 2 3 4 5 % 7 8 9		remove 6
O 1 2 3 4 5 # % 8 9		remove 7
O 1 2 3 4 5 # # % 9		remove 8
O 1 2 3 4 5 # # # %		remove 9

row 1
O 1 2 3 4 5 6 7 8 9
O 1 2 % 4 5 6 7 8 9		remove 3
O 1 2 # % 5 6 7 8 9		remove 4
O 1 2 # # % 6 7 8 9		remove 5
O 1 2 # # # 6 7 8 %		remove 9

row 2
O 1 2 3 4 5 6 7 8 9
O % 2 3 4 5 6 7 8 9		remove 1
O # % 3 4 5 6 7 8 9		remove 2
O # # 3 4 % 6 7 8 9		remove 5
O # # 3 4 # 6 7 % 9		remove 8

row 3
O 1 2 3 4 5 6 7 8 9
% 1 2 3 4 5 6 7 8 9		remove O
# 1 % 3 4 5 6 7 8 9		remove 2
# 1 # 3 % 5 6 7 8 9		remove 4
# 1 # 3 # 5 6 % 8 9		remove 7

row 4
O 1 2 3 4 5 6 7 8 9
% 1 2 3 4 5 6 7 8 9		remove O
# % 2 3 4 5 6 7 8 9		remove 1
# # 2 % 4 5 6 7 8 9		remove 3
# # 2 # 4 5 % 7 8 9		remove 6
----------------------------------------------------------


---------------- step 1
O 1 2 3 4 5 6 7 8 9
O 1 2 3 4 5 6 7 8 9
O 1 2 3 4 5 6 7 8 9
O 1 2 3 4 5 6 7 8 9
O 1 2 3 4 5 6 7 8 9

---------------- step 2
O 1 2 3 4 5 % 7 8 9		remove 6
O 1 2 % 4 5 6 7 8 9		remove 3
O % 2 3 4 5 6 7 8 9		remove 1
% 1 2 3 4 5 6 7 8 9		remove O
% 1 2 3 4 5 6 7 8 9		remove O

---------------- step 3
O 1 2 3 4 5 # % 8 9		remove 7
O 1 2 # % 5 6 7 8 9		remove 4
O # % 3 4 5 6 7 8 9		remove 2
# 1 % 3 4 5 6 7 8 9		remove 2
# % 2 3 4 5 6 7 8 9		remove 1

---------------- step 4
O 1 2 3 4 5 # # % 9		remove 8
O 1 2 # # % 6 7 8 9		remove 5
O # # 3 4 % 6 7 8 9		remove 5
# 1 # 3 % 5 6 7 8 9		remove 4
# # 2 % 4 5 6 7 8 9		remove 3

---------------- step 5
O 1 2 3 4 5 # # # %		remove 9
O 1 2 # # # 6 7 8 %		remove 9
O # # 3 4 # 6 7 % 9		remove 8
# 1 # 3 # 5 6 % 8 9		remove 7
# # 2 # 4 5 % 7 8 9		remove 6








---------------- step 1
O 1 2 3 4 5 6 7 8 9
O 1 2 3 4 5 6 7 8 9
O 1 2 3 4 5 6 7 8 9
O 1 2 3 4 5 6 7 8 9
O 1 2 3 4 5 6 7 8 9

---------------- step 2
O 1 2 3 4 5 % 7 8 9		remove 6
O 1 2 % 4 5 6 7 8 9		remove 3
O % 2 3 4 5 6 7 8 9		remove 1
% 1 2 3 4 5 6 7 8 9		remove O
% 1 2 3 4 5 6 7 8 9		remove O

---------------- step 3
O 1 2 3 4 5 # % 8 9		remove 7
O 1 2 # % 5 6 7 8 9		remove 4
O # % 3 4 5 6 7 8 9		remove 2
# 1 % 3 4 5 6 7 8 9		remove 2
# % 2 3 4 5 6 7 8 9		remove 1

---------------- step 4
O 1 2 3 4 5 # # % 9		remove 8
O 1 2 # # % 6 7 8 9		remove 5
O # # 3 4 % 6 7 8 9		remove 5
# 1 # 3 % 5 6 7 8 9		remove 4
# # 2 % 4 5 6 7 8 9		remove 3

---------------- step 5
O 1 2 3 4 5 # # # %		remove 9
O 1 2 # # # 6 7 8 %		remove 9
O # # 3 4 # 6 7 % 9		remove 8
# 1 # 3 # 5 6 % 8 9		remove 7
# # 2 # 4 5 % 7 8 9		remove 6


--------------------------------------------------------------------

O 1 2 3 4 5 6 7 8 9

O 1 2
3 4 5
6 7 8

O 1 2 3 4 5
O 1 2 6 7 8


