

m=4 p=2
0 1 2
0 1 3
0 2 3
1 2 3

0 1 2
3 0 1
2 3 0
1 2 3

0 1 2
0 1 3
0 2 3
1 2 3

5 2
rep = 4
max = 5 (4/20)
 0 1 2 3
 0 1 2 4
 0 1 3 4
 0 2 3 4
 1 2 3 4


0 1 2 3
4 0 1 2
3 4 0 1
2 3 4 0
1 2 3 4

4 3
rep = 2
max = 6 (3/12)
 0 1 2
 0 3 4
 1 3 5
 2 4 5

0 1 2
3 4 5
0 1 2
3 4 5

0 1 2
3 4 0
5 1 2
3 4 5

0 1 2
0 3 4
1 3 5
2 4 5

5 3
rep = 3
max = 10 (6/30)
 0 1 2 3 4 5
 0 1 2 6 7 8
 0 3 4 6 7 9
 1 3 5 6 8 9
 2 4 5 7 8 9

m=10 p=3
0 1 2 3 4 5 6 7 8 9 0 1 2 3 4 5 6 7 8 9 0 1 2 3 4 5 6 7 8 9



0 1 2 3 4 5
0 1 2 6 7 8
0 3 4 6 7 9
1 3 5 6 8 9
2 4 5 7 8 9




0 1 2 3 4 5 # 6 7 8 9
0 1 # 2 3 4 5 6 7 # 8 9
0 1 2 3 # 4 5 6 7 8 9

0 1 2 3 4 5 # 6 7 8 0 1 2 # 0 3 4 6 7 9 # 1 2 3 5 8 9 # 4 5 6 7 8 9

0 1 2 3 4 5 # 6 7 8 *9 | 0 1 # *2 3 4 *5 6 7 # 8 9 | *0 1 *2 3 # 4 5 *6 7 8 9

09 (9) and 12 (2)
15 (5) and 20 (0)
22 (2) and 26 (6)


0 1 2 3 4 5 # 0 1 6 7 | 8 9 # 2 3 4 5 6 7 # 0 1 | 2 3 8 9 # 4 5 6 7 8 9

11 (9) and 12 (2)
15 (4) and 18 (0)
20 (2) and 26 (6)

5 and 0
3 and 0
2 and 2

5 and 0
2 and 0
1 and 2

-----------------------------------------
0 1 2 3 4 5 # 6 7 8 9 0 1 # 2 3 4 5 6 7 # 8 9 0 1 2 3 # 4 5 6 7 8 9
0 1 2 3 4 5 # 6 7 8 2 0 1 # 9 3 4 5 6 7 # 8 9 0 1 2 3 # 4 5 6 7 8 9 - swap 9 and 2
0 1 2 3 4 5 # 6 7 8 2 0 1 # 9 3 4 0 6 7 # 8 9 5 1 2 3 # 4 5 6 7 8 9 - swap 5 and 0
0 1 2 3 4 5 # 6 7 8 2 0 1 # 9 3 4 0 6 7 # 8 9 5 1 6 3 # 4 5 2 7 8 9 - swap 2 and 6


0 1 2 3 4 5
6 7 8 9 0 1
2 3 4 5 6 7
8 9 0 1 2 3
4 5 6 7 8 9

0 1 2 3 4 5
0 1 6 7 8 9
2 3 4 5 6 7
0 1 2 3 8 9
4 5 6 7 8 9
-------------

0 1 2 3 4 5 - 6 7 8 9
0 1 6 7 8 9 - 2 3 4 5
2 3 4 5 6 7 - 0 1 8 9
0 1 2 3 8 9 - 4 5 6 7
4 5 6 7 8 9 - 0 1 2 3

0 1 2 3 4 5 - 6 7 8 9
0 1 6 7 8 9 - 2 3 4 5
2 3 4 5 6 7 - 0 1 8 9
0 1 2 3 8 9 - 4 5 6 7
4 5 6 7 8 9 - 0 1 2 3



0 1 2 3 4 5 6 7 8 9
0 1 2 3 4 5 6 7 8 9

0 1 2 3 4 5 - lacks 6 7 8 9
0 1 2 6 7 8 - lacks 3 4 5 9
0 3 4 6 7 9 - lacks 1 2 5 8
1 3 5 6 8 9 - lacks 0 2 4 7
2 4 5 7 8 9 - lacks 0 1 3 6


-----------------------------

00 01 02 03 04 05
00 01 02 06 07 08
03 04 05 09 10 11
06 07 08 12 13 14
09 10 11 12 13 14

4 3
rep = 2
max = 6 (3/12)
 0 1 2
 0 3 4
 1 3 5
 2 4 5


0 1 2 # 3 4 5* | # 0* 1 2* # 3* 4 5


0 1 2 # 3 4 5 # 0 1 2 # 3 4 5
0 1 2 # 3 4 0 # 5 1 2 # 3 4 5 - swap 5 and 0
0 1 2 # 3 4 0 # 5 1 3 # 2 4 5 - swap 2 and 3
0 1 2 # 0 3 4 # 1 3 5 # 2 4 5

0 1 2
3 4 5
0 1 2
3 4 5



0 1 2 3 4 5 # 6 7 8 9 0 1 # 2 3 4 5 6 7 # 8 9 0 1 2 3 # 4 5 6 7 8 9

0 1 2 3 4 5 | 6 7 8 9 0 1
0 1 2 3 4 5 | 2 3 4 5 6 7
0 1 2 3 4 5 | 8 9 0 1 2 3
0 1 2 3 4 5 | 4 5 6 7 8 9
------------+------------
6 7 8 9 0 1 | 2 3 4 5 6 7
6 7 8 9 0 1 | 8 9 0 1 2 3
6 7 8 9 0 1 | 4 5 6 7 8 9
------------+------------
2 3 4 5 6 7 | 8 9 0 1 2 3
2 3 4 5 6 7 | 4 5 6 7 8 9
------------+------------
8 9 0 1 2 3 | 4 5 6 7 8 9

####### Sorted #########

0 0 1 1 2 3 4 5 6 7 8 9
0 1 2 2 3 3 4 4 5 5 6 7
0 0 0 1 1 2 2 3 4 5 8 9
0 1 2 3 4 4 5 5 6 7 8 9


0 1 2 3 4 5 6 6 7 7 8 9
0 0 1 1 2 3 6 7 8 8 9 9
0 1 4 5 6 6 7 7 8 8 9 9

0 1 2 2 3 3 4 5 6 7 8 9
2 3 4 4 5 5 6 6 7 7 8 9

0 1 2 3 4 5 6 7 8 8 9 9

-----------------------------------------------------------------------------

0 1
0 4
1 2
2 3
3 4

1 2
1 5
2 3
3 4
4 5

0 1 2 3 4 5 | 6 7 8 9 0 1
0 1 2 3 4 5 | 2 3 4 5 6 7
0 1 2 3 4 5 | 8 9 0 1 2 3
0 1 2 3 4 5 | 4 5 6 7 8 9
------------+------------
6 7 8 9 0 1 | 2 3 4 5 6 7
6 7 8 9 0 1 | 8 9 0 1 2 3
6 7 8 9 0 1 | 4 5 6 7 8 9
------------+------------
2 3 4 5 6 7 | 8 9 0 1 2 3
2 3 4 5 6 7 | 4 5 6 7 8 9
------------+------------
8 9 0 1 2 3 | 4 5 6 7 8 9


0 1 2 3 4 5 | 6 7 8 9 0 1   0 1
0 1 2 3 4 5 | 4 5 6 7 8 9   4 5
6 7 8 9 0 1 | 2 3 4 5 6 7   6 7
2 3 4 5 6 7 | 8 9 0 1 2 3   2 3
8 9 0 1 2 3 | 4 5 6 7 8 9   8 9


4 5 6 7 8 9 | 0 1 2 3 4 5 | 6 7 8 9 0 1 | 2 3 4 5 6 7 | 8 9 0 1 2 3 | 4 5 6 7 8 9

0 1 2 3 4 5 | 6 7 8 3 0 1 | 2 9 4 5 6 7 | 8 9 0 1 2 3 | 4 5 6 7 8 9 - swap 9 and 3
0 1 2 3 4 5 | 6 7 8 3 0 1 | 2 9 0 5 6 7 | 8 9 4 1 2 3 | 4 5 6 7 8 9 - swap 4 and 0
0 1 2 3 4 5 | 6 7 8 3 0 1 | 2 9 0 5 6 7 | 8 9 4 1 2 6 | 4 5 3 7 8 9 - swap 3 and 6

0 1 2 3 4 5
6 7 8 3 0 1
2 9 0 5 6 7
8 9 4 1 2 6
4 5 3 7 8 9

0 1 2 3 4 5
0 1 3 6 7 8
0 2 5 6 7 9
1 2 4 6 8 9
3 4 5 7 8 9

----------------------------------------------------------------------------------------------------

swap smallest with smallest
0 1 2 3 4 5 | 6 7 8 9 0 1 | 2 3 4 5 6 7 | 8 9 0 1 2 3 | 4 5 6 7 8 9
0 1 2 3 4 5 | 6 7 2 9 0 1 | 8 3 4 5 6 7 | 8 9 0 1 2 3 | 4 5 6 7 8 9 - swap 8 and 2
0 1 2 3 4 5 | 6 7 2 9 0 1 | 8 3 0 5 6 7 | 8 9 4 1 2 3 | 4 5 6 7 8 9 - swap 4 and 0
0 1 2 3 4 5 | 6 7 2 9 0 1 | 8 3 0 5 6 7 | 8 9 4 5 2 3 | 4 1 6 7 8 9 - swap 1 and 5
0 1 2 3 4 5 | 6 7 2 9 0 1 | 8 3 0 5 6 7 | 8 9 4 5 6 3 | 4 1 2 7 8 9 - swap 2 and 6

0 1 2 3 4 5
6 7 2 9 0 1
8 3 0 5 6 7
8 9 4 5 6 3
4 1 2 7 8 9

0 1 2 3 4 5
0 1 2 6 7 9
0 3 5 6 7 8
1 2 4 7 8 9
3 4 5 6 8 9

----------------------------------------------------------------------------------------------------

swap largest with smallest
----- 0 ----+------ 1 ----+------ 2 ----+------ 3 ----+------ 4 -----
0 1 2 3 4 5 | 6 7 8 9 0 1 | 2 3 4 5 6 7 | 8 9 0 1 2 3 | 4 5 6 7 8 9
0 1 2 3 4 5 | 6 7 8 2 0 1 | 9 3 4 5 6 7 | 8 9 0 1 2 3 | 4 5 6 7 8 9 - swap 9 and 2
0 1 2 3 4 5 | 6 7 8 2 0 1 | 9 3 4 0 6 7 | 8 9 5 1 2 3 | 4 5 6 7 8 9 - swap 5 and 0
0 1 2 3 4 5 | 6 7 8 2 0 1 | 9 3 4 0 6 7 | 8 9 5 1 6 3 | 4 5 2 7 8 9 - swap 2 and 6


swap largest with smallest
----- 0 ----+------ 1 ----+------ 2 ----+------ 3 ----+------ 4 ----- 
0 1 2 3 4 5 | 6 7 8 9 0 1 | 2 3 4 5 6 7 | 8 9 0 1 2 3 | 4 5 6 7 8 9
0 1 2 3 4 5 | 6 7 8 2 0 1 | 9 3 4 5 6 7 | 8 9 0 1 2 3 | 4 5 6 7 8 9 - swap 2 and 9
0 1 2 3 4 5 | 6 7 8 2 0 1 | 9 3 4 0 6 7 | 8 9 5 1 2 3 | 4 5 6 7 8 9 - swap 5 and 0
0 1 2 3 4 5 | 6 7 8 2 0 1 | 9 3 4 0 6 7 | 8 9 5 1 4 3 | 2 5 6 7 8 9 - swap 2 and 4
0 1 2 3 4 5 | 6 7 8 2 0 1 | 9 3 4 0 6 7 | 8 9 5 1 4 3 | 2 5 6 7 8 9 - swap 2 and 4

breaking arrays 0 and 1 by swapping one number between 1 and 2
1. Non-duplicates in a single array
2. Swap the largest possible from current array with the smallest possible from the other array
3. Swap the largest but NOT-present/missing from previous (in order to make sense)
4. The largest must NOT be present in the next array
5. The smallest must not be present in the current array (in order to avoid duplication)
6. If it's the last array - the smallest must not be present in the 0 array

breaking arrays 1 and 2 by swapping one number between 2 and 3 
- cannot swap 6 and 7 from array 2 because they exist in 1 hence it's pointless
- cannot swap 9 from array 2 because it exists in 3 - this will cause duplication in 3

breaking arrays 2 and 3 by swapping one number between 3 and 4 
- cannot swap 9, 8 and 5 from array 3 because they are present in array 4
- cannot swap 3 from array 3 because it is present in array 2
- cannot swap with 4 from array 4 because it is present in array 0
- cannot swap with 5 from array 4 because it is present in array 3

breaking arrays 4 and 0 by swapping one number between 0 and 1 

----------------------------------------------------------------------------------------------------

 0 1 2
 0 3 4
 1 3 5
 2 4 5

---0---+---1---+---2---+---3---
 0 1 2 | 3 4 5 | 0 1 2 | 3 4 5
 0 1 2 | 3 4 0 | 5 1 2 | 3 4 5 - swap 5 and 0
 0 1 2 | 3 4 0 | 5 1 3 | 2 4 5 - swap 2 and 3

----------------------------------------------------------------------------------------------------

5 4

---------0--------+---------1---------+---------2---------+---------3---------+---------4---------
00 01 02 03 04 05 | 06 07 08 09 10 11 | 12 13 14 00 01 02 | 03 04 05 06 07 08 | 09 10 11 12 13 14
00 01 02 03 04 05 | 06 07 08 09 10 03 | 12 13 14 00 01 02 | 11 04 05 06 07 08 | 09 10 11 12 13 14 - swap 11 and 03
00 01 02 03 04 05 | 06 07 08 09 10 03 | 12 13 14 00 01 02 | 11 04 05 06 07 08 | 09 10 11 12 13 14 - swap 11 and 03

0-2 duplicating 00 01 02
1-3 duplicating 06 07 08
2-4 duplicating 12 13 14
unique - 03 04 05 09 10 11

0 1 2 3
4 5 6 7
8 9 0 1
2 3 4 5
6 7 8 9

----0---+----1----+----2----+----3----+----4----
0 1 2 3 | 4 5 6 7 | 8 9 0 1 | 2 3 4 5 | 6 7 8 9
0 1 2 3 | 4 5 6 7 | 8 2 0 1 | 9 3 4 5 | 6 7 8 9 - swap 9 and 2
0 1 2 3 | 4 5 6 7 | 8 2 0 1 | 9 3 4 5 | 6 7 8 9 - swap 5 and 


5b 4r

0 1 | 2 3 | 2 0 | 4 2 | 3 4

0 1
0 2
2 3
2 4
3 4


0 1 2 3 4 5 6 7 8 9 10 11 12 13 14
0 1 2 3 4 5 6 7 8 9 10 11 12 13 14

00 01 02 03 04 05
06 07 08 09 10 11
12 13 14 00 01 02
03 04 05 06 07 08
09 10 11 12 13 14

00 01 02 03
04 05 06 07
08 09 10 11
12 13 14

00 01 02 03 13 14
04 05 06 07 00 01
08 09 10 11 04 05
12 13 14 06 02 03
12 07 08 09 10 11

00 01 02 03 13 14
00 01 04 05 06 07
02 03 06 12 13 14
04 05 08 09 10 11
07 08 09 10 11 12


0 1 2
0 3 4
1 3 5
2 4 5

0 1 2 3 4 5 0 1 2 3 4 5

0 1 #
2 3 #
4 5 #
# # #

0 1 2
3 4 #
5 # #
# # #

0 1 2
3 4 0
5 # #
# # #

0 1 2
3 4 0
5 1 3
2 4 5

------------------------------------------------

5 3
rep = 3
max = 10 (6/30)
 0 1 2 3 4 5
 0 1 2 6 7 8
 0 3 4 6 7 9
 1 3 5 6 8 9
 2 4 5 7 8 9

0 1 2 3 4 5 6 7 8 9
0 1 2 3 4 5 6 7 8 9
0 1 2 3 4 5 6 7 8 9

0 1 2 # # #
3 4 5 # # #
6 7 8 9 # #
# # # # # #
# # # # # #


0 1 2 3 4 5 6 7 8 9
--------------------
0 1 2 3 4 5
0 1 2       6 7 8
0     3 4   6 7   9
  1   3   5 6   8 9
    2   4 5   7 8 9


0 1 2 3 4 5 6 7 8 9
--------------------
0 1 2 3 4 5 + + + +
0 1 2 + + + 6 7 8 +
0 + + 3 4 + 6 7 + 9
+ 1 + 3 + 5 6 + 8 9
+ + 2 + 4 5 + 7 8 9


0 1 2 3 4 5
---------------
0 1 2 * * *    
0 * * 3 4 *
* 1 * 3 * 5
* * 2 * 4 5


0 1 2 3 4 5 6 7 8 9
--------------------
0 1 2 3 + + + + + +
0 + + + 4 5 6 + + +
+ 1 + + 4 + + 7 8 +
+ + 2 + + 5 + 7 + 9
+ + + 3 + + 6 + 8 9


00 01 02 03 04 05 06 07 08 09 10 11 12 13 14
--------------------------------------------
00 01 02 03 04 ??
00 ++ ++ ++ ++
++ 01 ++ ++ ++
++ ++ 02 ++ ++
++ ++ ++ 03 ++
++ ++ ++ ++ 04


0 1 2 3 4 5 6 7 8 9
--------------------
0 1 2 3 + + + + + +
0 + + + 4 5 6 + + +
+ 1 + + 4 + + 7 8 +
+ + 2 + + 5 + 7 + 9
+ + + 3 + + 6 + 8 9

0 1 2 3
0 4 5 6
1 4 7 8
2 5 7 9
3 6 8 9


0 1 2 3 0 4 5 6 1 4 7 8
0 1 2 3 0 4 5 6 2 5 7 9
0 1 2 3 0 4 5 6 3 6 8 9

0 1 2 3 1 4 7 8 2 5 7 9
0 1 2 3 1 4 7 8 3 6 8 9

0 1 2 3 2 5 7 9 3 6 8 9


0 4 5 6 1 4 7 8 2 5 7 9
0 4 5 6 1 4 7 8 3 6 8 9

0 4 5 6 2 5 7 9 3 6 8 9


1 4 7 8 2 5 7 9 3 6 8 9

-----------------------------------------

0 1 2 3 4 5 6 7 8 - lacks 9
0 1 2 3 4 5 6 7 9 - lacks 8
0 1 2 3 4 5 6 8 9 - lacks 7

0 1 2 3 4 5 7 8 9 - lacks 6
0 1 2 3 4 6 7 8 9 - lacks 5

0 1 2 3 5 6 7 8 9 - lacks 4


0 1 2 4 5 6 7 8 9 - lacks 3
0 1 3 4 5 6 7 8 9 - lacks 2

0 2 3 4 5 6 7 8 9 - lacks 1


1 2 3 4 5 6 7 8 9 - lacks 0

------------------------------------------
4 2
rep = 3
max = 4 (3/12)
 0 1 2
 0 1 3
 0 2 3
 1 2 3

0 1 2 3
--------
0 1 2 +
0 1 + 3
0 + 2 3
+ 1 2 3

3 2
rep = 2
max = 3 (2/6)
0 1
0 2
1 2

0 1 2
-----
0 1 +
0 + 2
+ 1 2

5 2
rep = 4
max = 5 (4/20)
 0 1 2 3
 0 1 2 4
 0 1 3 4
 0 2 3 4
 1 2 3 4

0 1 2 3 4
---------
0 1 2 3 +
0 1 2 + 4
0 1 + 3 4
0 + 2 3 4
+ 1 2 3 4

--------------------------------------------

8 6
rep = 3
max = 4?

0 1 2 3 4 5 6 7
-------------------------
0 1 2 3 4 5 6 7 8 9 0 1 2 3 4 5 6 7 8 9 0 + + + + +
0 1 2 3 4 5 + + + + + + + + + + + + + + + 1 + + + +
0 + + + + + 6 7 8 9 0 + + + + + + + + + + + 2 + + +
+ 1 + + + + 6 + + + + 1 2 3 4 + + + + + + + + 3 + +
+ + 2 + + + + 7 + + + 1 + + + 5 6 7 + + + + + + 4 +
+ + + 3 + + + + 8 + + + 2 + + 5 + + 8 9 + + + + + 5
+ + + + 4 + + + + 9 + + + 3 + + 6 + 8 + 0 1 2 3 4 5
+ + + + + 5 + + + + 0 + + + 4 + + 7 + 9 0 1 2 3 4 5

3
56

0 1 2 3 4 5 6 7 8 9 10 11 12 13 14 15 16
-----------
0 1 2 3 4 5 6 + + + + + + 
0 + + + + + + 7 + + + + +
+ 1 + + + + + + 8 + + + +
+ + 2 + + + + + + 9 + + +
+ + + 3 + + + + + + 0 + +
+ + + + 4 + + + + + + 1 +
+ + + + + 5 + + + + + + 2
+ + + + + + 6 7 8 + 0 1 2

0 1 2 3 4 + +
0 1 + + + 5 +
0 1 2 3 + 5 6
0 1 2 3 4 5 6
0 1 2 3 4 5 6
0 + 2 3 4 5 6
+ + 2 + 4 5 6
+ 1 + 3 4 + 6

0 1 2 3 4 5 6 7 8 9 0 1 2 3 4 5 6 7 8 9 0 + +
0 1 2 3 4 5 6 7 8 9 0 1 2 3 4 + + + + + + 1 +
0 1 2 3 4 5 6 7 8 9 + + + + + 5 6 7 8 9 + + 2
0 1 2 3 4 5 + + + + 0 1 2 3 + 5 6 7 8 + 0 1 2
0 1 2 + + + 6 7 8 + 0 1 2 + 4 5 6 7 + 9 0 1 2
0 + + 3 4 + 6 7 + 9 0 1 + 3 4 5 6 + 8 9 0 1 2
+ 1 + 3 + 5 6 + 8 9 0 + 2 3 4 5 + 7 8 9 0 1 2
+ + 2 + 4 5 + 7 8 9 + 1 2 3 4 + 6 7 8 9 0 1 2


0 1 2 3 4 5 6 7 8 9
--------------------
@ @ @ @ @ @ + + + +
@ @ @ + + + @ @ @ +
@ + + @ @ + @ @ + @
+ @ + @ + @ @ + @ @
+ + @ + @ @ + @ @ @

------------------------------------------------------------------------

2 2
---
0
1

3 2
---
0 1
0 2
1 2

4 2
---
0 1 2
0 1 3
0 2 3
1 2 3

5 2
---
0 1 2 3
0 1 2 4
0 1 3 4
0 2 3 4
1 2 3 4

6 2
---
0 1 2 3 4
0 1 2 3 5
0 1 2 4 5
0 1 3 4 5
0 2 3 4 5
1 2 3 4 5

--------------------

3 3
---
0
1
2

4 3
---
0 1 2
0 3 4
1 3 5
2 4 5

5 3
---
0 1 2 3 4 5
0 1 2 6 7 8
0 3 4 6 7 9
1 3 5 6 8 9
2 4 5 7 8 9

6 3
---
00 01 02 03 04 05 06 07 08 09
00 01 02 03 04 05 10 11 12 13
00 01 02 06 07 08 10 11 12 14
00 03 04 06 07 09 10 11 13 14
01 03 05 06 08 09 10 12 13 14
02 04 05 07 08 09 11 12 13 14

7 3

00 01 02 03 04 05 06 07 08 09 10 11 12 13 14
00 01 02 03 04 05 06 07 08 09 15 16 17 18 19
00 01 02 03 04 05 10 11 12 13 15 16 17 18 20
00 01 02 06 07 08 10 11 12 14 15 16 17 19 20
00 03 04 06 07 09 10 11 13 14 15 16 18 19 20
01 03 05 06 08 09 10 12 13 14 15 17 18 19 20
02 04 05 07 08 09 11 12 13 14 16 17 18 19 20


------------------------------------------------------------------



6 3
---
00 01 02 03 04 05 06 07 08 09
00 01 02 03 04 05 10 11 12 13
00 01 02 06 07 08 10 11 12 14
00 03 04 06 07 09 10 11 13 14
01 03 05 06 08 09 10 12 13 14
02 04 05 07 08 09 11 12 13 14

00 01 02 03 04 05 06 07 08 09 10 11 12 13 14
--------------------------------------------
00 01 02 03 04 05 06 07 08 09
00 01 02 03 04 05             10 11 12 13   
00 01 02          06 07 08    10 11 12    14
00       03 04    06 07    09 10 11    13 14
   01    03    05 06    08 09 10    12 13 14
      02    04 05    07 08 09    11 12 13 14


------------------------------------------------------------------

4 4
---
0
1
2
3

5 4
rep = 2
max = 10 (4/20)
 0 1 2 3
 0 4 5 6
 1 4 7 8
 2 5 7 9
 3 6 8 9

6 4
rep = 3
max = 20 (10/60)
00 01 02 03 04 05 06 07 08 09
00 01 02 03 10 11 12 13 14 15
00 04 05 06 10 11 12 16 17 18
01 04 07 08 10 13 14 16 17 19
02 05 07 09 11 13 15 16 18 19
03 06 08 09 12 14 15 17 18 19

7 4
rep = 4
max = 35 (20/140)
...TODO

------------------------------------------------------------------

2 1
rep = 2
max = 1 (1/2)

3 2
rep = 2
max = 3 (2/6)

4 3
rep = 2
max = 6 (3/12)

5 4
rep = 2
max = 10 (4/20)

6 5
rep = 2
max = 15

7 6
rep = 2
max = 21 (7/42)

------------------------------------------------------------------

00 01 02 03 04 05
00 06 07 08 09 10
01 06 11 12 13 14
02 07 11 15 16 17
03 08 12 15 18 19
04 09 13 16 18 20
05 10 14 17 19 20

00 01 02 03 04 05 06 07 08 09 10 11 12 13 14 15 16 17 18 19 20
---------------------------------------------------------------
00 01 02 03 04 05 ++ ++ ++ ++ ++ ++ ++ ++ ++ ++ ++ ++ ++ ++ ++
00 ++ ++ ++ ++ ++ 06 07 08 09 10 ++ ++ ++ ++ ++ ++ ++ ++ ++ ++
++ 01 ++ ++ ++ ++ 06 ++ ++ ++ ++ 11 12 13 14 ++ ++ ++ ++ ++ ++
++ ++ 02 ++ ++ ++ ++ 07 ++ ++ ++ 11 ++ ++ ++ 15 16 17 ++ ++ ++
++ ++ ++ 03 ++ ++ ++ ++ 08 ++ ++ ++ 12 ++ ++ 15 ++ ++ 18 19 ++
++ ++ ++ ++ 04 ++ ++ ++ ++ 09 ++ ++ ++ 13 ++ ++ 16 ++ 18 ++ 20
++ ++ ++ ++ ++ 05 ++ ++ ++ ++ 10 ++ ++ ++ 14 ++ ++ 17 ++ 19 20

------------------------------------------------------------------

6 5
rep = 2
max = 15

00 01 02 03 04 05 06 07 08 09 10 11 12 13 14
-------------------------------------------
00 01 02 03 04 ++ ++ ++ ++ ++ ++ ++ ++ ++ ++
00 ++ ++ ++ ++ 05 06 07 08 ++ ++ ++ ++ ++ ++
++ 01 ++ ++ ++ 05 ++ ++ ++ 09 10 11 ++ ++ ++
++ ++ 02 ++ ++ ++ 06 ++ ++ 09 ++ ++ 12 13 ++
++ ++ ++ 03 ++ ++ ++ 07 ++ ++ 10 ++ 12 ++ 14
++ ++ ++ ++ 04 ++ ++ ++ 08 ++ ++ 11 ++ 13 14

------------------------------------------------------------------

6 4
---

0 1 2 3
----------------------
0 1 2 3 4 5 6 7 8 9
0 1 2 3
0 4 5 6
1 4 7 8
2 5 7 9
3 6 8 9

0 1 2 3 4 5 6 7 8 9
----------------------
0 1 2 3 4 5 6 7 8 9 -  
0 1 2 3             0 1 2 3 4 5
0       4 5 6       0 1 2       6 7 8
  1     4     7 8   0     3 4   6 7   9
    2     5   7   9   1   3   5 6   8 9
      3     6   8 9     2   4 5   7 8 9

------------------------------------------------------------------

8 6
rep = 3
max = 56

7 and 6 the max is 21 - this is the number of rows for 8 and 6

21 rows * 8 columns = 168 cells each with 3 repetitions therefor the max number is 168/3 = 56



00 01 02 03 04 05 06 07 08 09 10 11 12 13 14 15 16 17 18 19 20 21 22 23 24 25 26 27 28 29 30 31 32 33 34 35 36 37 38 39 40 41 42 43 44 45 46 47 48 49 50 51 52 53 54 55
-----------------------------------------------------------------------------------------------------------------------------------------------------------------------
00 01 02 03 04 05 06 07 08 09 10 11 12 13 14 15 16 17 18 19 20 ++ ++ ++ ++ ++ ++ ++ ++ ++ ++ ++ ++ ++ ++ ++ ++ ++ ++ ++ ++ ++ ++ ++ ++ ++ ++ ++ ++ ++ ++ ++ ++ ++ ++ ++
00 01 02 03 04 05 ++ ++ ++ ++ ++ ++ ++ ++ ++ ++ ++ ++ ++ ++ ++ 21 22 23 24 25 26 27 28 29 30 31 32 33 34 35 ++ ++ ++ ++ ++ ++ ++ ++ ++ ++ ++ ++ ++ ++ ++ ++ ++ ++ ++ ++
00 ++ ++ ++ ++ ++ 06 07 08 09 10 ++ ++ ++ ++ ++ ++ ++ ++ ++ ++ 21 22 23 24 25 ++ ++ ++ ++ ++ ++ ++ ++ ++ ++ 36 37 38 39 40 41 42 43 44 45 ++ ++ ++ ++ ++ ++ ++ ++ ++ ++
++ 01 ++ ++ ++ ++ 06 ++ ++ ++ ++ 11 12 13 14 ++ ++ ++ ++ ++ ++ 21 ++ ++ ++ ++ 26 27 28 29 ++ ++ ++ ++ ++ ++ 36 37 38 39 ++ ++ ++ ++ ++ ++ 46 47 48 49 50 51 ++ ++ ++ ++
++ ++ 02 ++ ++ ++ ++ 07 ++ ++ ++ 11 ++ ++ ++ 15 16 17 ++ ++ ++ ++ 22 ++ ++ ++ 26 ++ ++ ++ 30 31 32 ++ ++ ++ 36 ++ ++ ++ 40 41 42 ++ ++ ++ 46 47 48 ++ ++ ++ 52 53 54 ++
++ ++ ++ 03 ++ ++ ++ ++ 08 ++ ++ ++ 12 ++ ++ 15 ++ ++ 18 19 ++ ++ ++ 23 ++ ++ ++ 27 ++ ++ 30 ++ ++ 33 34 ++ ++ 37 ++ ++ 40 ++ ++ 43 44 ++ 46 ++ ++ 49 50 ++ 52 53 ++ 55
++ ++ ++ ++ 04 ++ ++ ++ ++ 09 ++ ++ ++ 13 ++ ++ 16 ++ 18 ++ 20 ++ ++ ++ 24 ++ ++ ++ 28 ++ ++ 31 ++ 33 ++ 35 ++ ++ 38 ++ ++ 41 ++ 43 ++ 45 ++ 47 ++ 49 ++ 51 52 ++ 54 55
++ ++ ++ ++ ++ 05 ++ ++ ++ ++ 10 ++ ++ ++ 14 ++ ++ 17 ++ 19 20 ++ ++ ++ ++ 25 ++ ++ ++ 29 ++ ++ 32 ++ 34 35 ++ ++ ++ 39 ++ ++ 42 ++ 44 45 ++ ++ 48 ++ 50 51 ++ 53 54 55


3 2
rep = 2     max = 3 (2/6)

4 2
rep = 3     max = 4 (3/12)

5 2
rep = 4     max = 5 (4/20)

----------------------------------

4 3
rep = 2     max = 6 (3/12)

5 3
rep = 3     max = 10 (6/30)

6 3
rep = 4     max = 15 (10/60)

7 3
rep = 5     max = 21 (15/105)

----------------------------------

5 4
rep = 2     max = 10 (4/20)

6 4
rep = 3     max = 20 (10/60)

7 4
rep = 4     max = 56 (32/224)
